4294967293,131
4294967293,130
4294967293,129
4294967293,128
4294967293,127
4294967293,126
4294967293,125
4294967293,124
4294967293,123
4294967293,122
4294967293,121
4294967293,120
4294967293,119
4294967293,118
4294967293,117
4294967293,116
4294967293,115
4294967293,114
4294967293,113
4294967293,112
4294967293,111
4294967293,110
4294967293,109
4294967293,108
4294967293,107
4294967293,106
4294967293,105
4294967293,104
4294967293,103
4294967293,102
4294967293,101
4294967293,100
4294967293,99
4294967293,98
4294967293,97
4294967293,96
4294967293,95
4294967293,94
4294967293,93
4294967293,92
4294967293,91
4294967293,90
4294967293,89
4294967293,87
4294967293,86
4294967293,85
4294967293,84
4294967293,83
4294967293,82
4294967293,81
4294967293,80
4294967293,79
4294967293,78
4294967293,77
4294967293,76
4294967293,75
4294967293,74
4294967293,73
4294967293,72
4294967293,71
4294967293,70
4294967293,69
4294967293,68
4294967293,67
4294967293,66
4294967293,65
4294967293,64
4294967293,63
4294967293,62
4294967293,61
4294967293,60
4294967293,59
4294967293,58
4294967293,57
4294967293,56
4294967293,55
4294967293,54
4294967293,53
4294967293,52
4294967293,51
4294967293,50
4294967293,49
4294967293,48
4294967293,47
4294967293,46
4294967293,45
4294967293,44
4294967293,43
4294967293,42
4294967293,41
4294967293,40
4294967293,39
4294967293,38
4294967293,37
4294967293,36
4294967293,35
4294967293,34
4294967293,33
4294967293,32
4294967293,31
4294967293,30
4294967293,29
4294967293,28
4294967293,27
4294967293,26
4294967293,25
4294967293,24
4294967293,23
4294967293,22
4294967293,21
4294967293,20
4294967293,19
4294967293,18
4294967293,17
4294967293,16
4294967293,15
4294967293,14
4294967293,13
4294967293,12
4294967293,11
4294967293,10
4294967293,9
4294967293,8
4294967293,7
4294967293,6
4294967293,5
4294967293,4
4294967293,3
4294967278,125
4294967278,124
4294967278,123
4294967278,122
4294967278,121
4294967278,120
4294967278,119
4294967278,118
4294967278,117
4294967278,116
4294967278,115
4294967278,114
4294967278,113
4294967278,112
4294967278,111
4294967278,110
4294967278,109
4294967278,108
4294967278,107
4294967278,106
4294967278,105
4294967278,104
4294967278,103
4294967278,102
4294967278,101
4294967278,100
4294967278,99
4294967278,98
4294967278,97
4294967278,96
4294967278,95
4294967278,94
4294967278,93
4294967278,92
4294967278,91
4294967278,90
4294967278,89
4294967278,87
4294967278,86
4294967278,84
4294967278,83
4294967278,82
4294967278,81
4294967278,80
4294967278,79
4294967278,77
4294967278,76
4294967278,75
4294967278,74
4294967278,72
4294967278,71
4294967278,70
4294967278,69
4294967278,65
4294967278,64
4294967278,63
4294967278,62
4294967278,59
4294967278,58
4294967278,57
4294967278,55
4294967278,54
4294967278,53
4294967278,52
4294967278,51
4294967278,50
4294967278,49
4294967278,48
4294967278,47
4294967278,45
4294967278,44
4294967278,43
4294967278,40
4294967278,39
4294967278,38
4294967278,37
4294967278,36
4294967278,35
4294967278,34
4294967278,33
4294967278,30
4294967278,29
4294967278,28
4294967278,27
4294967278,26
4294967278,24
4294967278,23
4294967278,284
4294967278,21
4294967278,19
4294967278,283
4294967278,18
4294967278,282
4294967278,17
4294967278,16
4294967278,15
4294967278,280
4294967278,14
4294967278,13
4294967278,12
4294967278,278
4294967278,11
4294967278,263
4294967278,8
4294967278,7
4294967278,6
4294967278,5
4294967278,276
4294967279,127
4294967279,125
4294967279,124
4294967279,123
4294967279,122
4294967279,121
4294967279,120
4294967279,119
4294967279,118
4294967279,117
4294967279,116
4294967279,115
4294967279,114
4294967279,112
4294967279,111
4294967279,110
4294967279,108
4294967279,107
4294967279,106
4294967279,105
4294967279,104
4294967279,103
4294967279,102
4294967279,101
4294967279,100
4294967279,99
4294967279,98
4294967279,97
4294967279,96
4294967279,95
4294967279,94
4294967279,93
4294967279,92
4294967279,91
4294967279,90
4294967279,89
4294967279,87
4294967279,86
4294967279,85
4294967279,84
4294967279,83
4294967279,82
4294967279,81
4294967279,80
4294967279,79
4294967279,78
4294967279,77
4294967279,76
4294967279,75
4294967279,313
4294967279,312
4294967279,72
4294967279,71
4294967279,70
4294967279,69
4294967279,68
4294967279,311
4294967279,66
4294967279,65
4294967279,64
4294967279,63
4294967279,62
4294967279,310
4294967279,60
4294967279,59
4294967279,58
4294967279,57
4294967279,56
4294967279,55
4294967279,54
4294967279,53
4294967279,309
4294967279,51
4294967279,50
4294967279,49
4294967279,48
4294967279,308
4294967279,46
4294967279,45
4294967279,44
4294967279,43
4294967279,307
4294967279,41
4294967279,40
4294967279,39
4294967279,38
4294967279,306
4294967279,36
4294967279,35
4294967279,34
4294967279,33
4294967279,305
4294967279,31
4294967279,30
4294967279,29
4294967279,28
4294967279,27
4294967279,278
4294967279,25
4294967279,23
4294967279,288
4294967279,302
4294967279,19
4294967279,287
4294967279,18
4294967279,17
4294967279,301
4294967279,286
4294967279,15
4294967279,269
4294967279,14
4294967279,13
4294967279,12
4294967279,285
4294967279,11
4294967279,299
4294967279,298
4294967279,284
4294967279,8
4294967279,6
4294967279,296
4294967279,0
4294967279,282
4294967279,281
4294967294,1431
78,4
78,3
78,2
78,1
4294967278,309
4294967278,85
77,10
77,9
77,8
77,7
77,6
77,5
77,4
77,3
77,2
77,1
4294967278,308
4294967278,78
76,5
76,4
76,3
76,2
76,1
4294967279,74
4294967294,1
4294967294,1430
4294967278,307
4294967278,73
4294967279,73
75,7
75,6
75,5
4294967279,183
75,4
75,3
75,2
75,1
4294967278,306
4294967278,67
4294967279,182
4294967279,67
4294967278,305
4294967278,66
4294967279,180
4294967279,179
4294967279,178
74,6
74,5
4294967279,177
74,4
4294967294,5
74,3
74,2
74,1
4294967278,304
4294967278,61
4294967279,176
4294967279,61
4294967278,303
4294967278,60
4294967279,173
4294967279,172
4294967279,171
73,4
73,3
73,2
73,1
4294967278,302
4294967278,56
4294967279,170
4294967279,169
4294967279,168
4294967279,167
72,5
72,4
4294967279,166
72,3
72,2
72,1
4294967279,52
4294967294,1429
4294967294,428
4294967294,271
4294967279,165
4294967294,170
4294967294,204
4294967294,1428
4294967294,1427
4294967279,163
71,6
4294967279,162
71,5
71,4
4294967279,161
71,3
71,2
71,1
4294967279,47
4294967279,160
0,5
4294967279,158
70,5
4294967279,156
70,4
0,7
70,3
70,2
70,1
4294967278,301
4294967278,42
4294967279,155
4294967294,475
4294967294,1152
4294967294,83
4294967279,42
4294967278,300
4294967278,41
4294967279,153
4294967279,152
4294967279,151
69,5
69,4
4294967279,150
69,3
69,2
69,1
4294967279,37
4294967294,251
4294967279,149
4294967279,147
68,5
4294967279,146
68,4
68,3
68,2
68,1
4294967278,299
4294967278,32
4294967279,145
4294967279,32
4294967278,298
